      1 1007
      1 1009
      1 1022
      1 1029
      1 1033
      1 1037
      1 1057
      1 1081
      1 1083
      1 1087
      1 1099
      1 1104
      1 1133
      1 115
      1 231
      1 235
      1 238
      1 242
      1 253
      1 386
      1 452
      1 455
      1 482
      1 484
      1 487
      1 514
      1 521
      1 536
      1 546
      1 551
      1 562
      1 576
      1 582
      1 587
      1 590
      1 591
      1 594
      1 596
      1 605
      1 613
      1 616
      1 618
      1 620
      1 625
      1 626
      1 637
      1 640
      1 642
      1 652
      1 656
      1 658
      1 672
      1 699
      1 719
      1 720
      1 733
      1 737
      1 738
      1 743
      1 747
      1 758
      1 759
      1 761
      1 764
      1 775
      1 794
      1 796
      1 802
      1 815
      1 825
      1 830
      1 831
      1 832
      1 838
      1 849
      1 850
      1 861
      1 887
      1 888
      1 893
      1 902
      1 903
      1 904
      1 918
      1 921
      1 923
      1 931
      1 948
      1 960
      1 975
      1 977
      1 980
      1 981
      1 982
      1 984
      1 988
      1 997
      1 frame.len
      2 1002
      2 1018
      2 1021
      2 1032
      2 1039
      2 1040
      2 1048
      2 1049
      2 1060
      2 1062
      2 1065
      2 1080
      2 1088
      2 1119
      2 145
      2 149
      2 221
      2 222
      2 223
      2 229
      2 236
      2 237
      2 239
      2 243
      2 244
      2 248
      2 252
      2 255
      2 258
      2 260
      2 270
      2 387
      2 389
      2 403
      2 433
      2 453
      2 456
      2 519
      2 526
      2 544
      2 545
      2 559
      2 565
      2 586
      2 608
      2 610
      2 615
      2 621
      2 634
      2 715
      2 728
      2 729
      2 732
      2 74
      2 783
      2 804
      2 865
      2 877
      2 880
      2 883
      2 885
      2 896
      2 907
      2 909
      2 910
      2 915
      2 917
      2 920
      2 936
      2 946
      2 954
      2 961
      2 983
      2 998
      3 102
      3 1035
      3 1041
      3 1045
      3 1046
      3 1047
      3 1050
      3 1101
      3 1135
      3 1136
      3 131
      3 136
      3 142
      3 146
      3 226
      3 233
      3 240
      3 245
      3 250
      3 251
      3 256
      3 269
      3 527
      3 553
      3 563
      3 60
      3 606
      3 609
      3 622
      3 684
      3 685
      3 727
      3 730
      3 784
      3 806
      3 807
      3 870
      3 878
      3 90
      3 900
      3 914
      3 919
      3 922
      3 958
      3 967
      3 970
      3 978
      3 979
      3 995
      4 1003
      4 1004
      4 1008
      4 1010
      4 1014
      4 1016
      4 1019
      4 1028
      4 1030
      4 1036
      4 1043
      4 1044
      4 1058
      4 1069
      4 1072
      4 1073
      4 1079
      4 1091
      4 1105
      4 1106
      4 1107
      4 1114
      4 1122
      4 1139
      4 1173
      4 124
      4 148
      4 153
      4 224
      4 230
      4 232
      4 234
      4 246
      4 259
      4 265
      4 271
      4 515
      4 520
      4 560
      4 564
      4 580
      4 581
      4 583
      4 589
      4 602
      4 611
      4 624
      4 627
      4 700
      4 716
      4 734
      4 774
      4 798
      4 799
      4 801
      4 853
      4 862
      4 871
      4 886
      4 899
      4 953
      4 964
      4 985
      4 996
      5 1005
      5 1031
      5 1034
      5 1055
      5 1067
      5 1068
      5 1071
      5 1086
      5 1103
      5 1121
      5 117
      5 1174
      5 118
      5 129
      5 140
      5 143
      5 144
      5 147
      5 150
      5 210
      5 216
      5 257
      5 273
      5 558
      5 603
      5 641
      5 653
      5 670
      5 712
      5 765
      5 86
      5 942
      5 943
      5 951
      5 957
      6 1013
      6 1025
      6 1027
      6 1038
      6 1070
      6 1075
      6 1082
      6 1100
      6 1115
      6 120
      6 125
      6 128
      6 133
      6 154
      6 214
      6 219
      6 254
      6 261
      6 70
      6 793
      6 800
      6 852
      6 916
      6 944
      6 966
      7 1015
      7 1084
      7 1090
      7 1108
      7 1113
      7 1132
      7 1157
      7 132
      7 151
      7 152
      7 218
      7 227
      7 262
      7 263
      7 266
      7 552
      7 584
      7 701
      7 965
      7 974
      8 1001
      8 1023
      8 1074
      8 1085
      8 1093
      8 1118
      8 116
      8 119
      8 141
      8 209
      8 220
      8 225
      8 264
      8 267
      8 268
      8 381
      8 391
      8 682
      8 864
      8 972
      9 1064
      9 1077
      9 1092
      9 1126
      9 1129
      9 1151
      9 203
      9 211
      9 212
      9 213
      9 276
      9 973
     10 1024
     10 1056
     10 1059
     10 1076
     10 1120
     10 137
     10 138
     10 204
     10 281
     11 1063
     11 1089
     11 1098
     11 1102
     11 121
     11 139
     11 207
     11 215
     11 217
     11 275
     12 1124
     12 1125
     12 1140
     12 1141
     12 155
     12 206
     12 208
     12 277
     12 280
     13 1096
     13 1110
     13 1142
     13 202
     13 285
     13 370
     13 372
     13 884
     14 1051
     14 1097
     14 1147
     14 1150
     14 1164
     14 1171
     14 201
     14 272
     14 278
     14 374
     15 1131
     15 1165
     15 127
     15 205
     15 274
     15 364
     16 1143
     16 279
     16 282
     16 292
     16 311
     16 367
     16 373
     17 122
     17 283
     17 287
     17 289
     17 376
     17 69
     18 1116
     18 1117
     18 1128
     18 1152
     18 1155
     18 288
     18 361
     19 1109
     19 1153
     19 156
     19 284
     20 1094
     20 1127
     20 290
     20 300
     20 359
     20 365
     21 1137
     21 1148
     21 1149
     21 1172
     21 291
     21 307
     21 348
     22 1138
     22 1166
     22 286
     22 299
     22 354
     22 355
     22 371
     23 1123
     23 1130
     23 134
     23 293
     23 294
     23 314
     23 345
     23 353
     23 358
     23 369
     24 1095
     24 1146
     24 1156
     24 189
     24 296
     24 310
     24 363
     24 366
     24 375
     25 1144
     25 1163
     25 197
     25 247
     25 309
     25 350
     26 1175
     26 200
     26 297
     26 302
     26 308
     26 332
     27 1154
     27 1160
     27 1170
     27 312
     27 316
     27 335
     27 351
     27 352
     28 190
     28 315
     28 362
     29 1178
     29 157
     29 199
     29 301
     29 304
     29 320
     29 322
     29 324
     29 349
     29 360
     30 135
     30 321
     30 341
     30 344
     30 368
     31 305
     31 306
     31 329
     31 339
     32 319
     32 328
     32 347
     33 195
     33 196
     33 317
     33 318
     33 325
     33 336
     33 337
     33 343
     34 1179
     34 194
     34 334
     34 357
     35 1145
     35 126
     35 333
     35 338
     36 1183
     36 1185
     36 295
     36 298
     36 303
     36 342
     36 346
     37 1191
     37 158
     37 191
     37 356
     38 1162
     38 1168
     38 94
     39 1159
     39 1184
     39 313
     39 326
     39 330
     39 340
     40 1167
     41 1176
     41 1180
     41 1204
     41 331
     42 198
     42 327
     46 1203
     47 1195
     47 186
     48 1158
     48 1169
     48 1192
     49 323
     50 165
     53 1161
     53 1181
     53 164
     53 185
     54 79
     55 1186
     55 1194
     55 160
     55 187
     55 188
     56 161
     57 192
     58 1190
     58 193
     59 1177
     59 170
     59 171
     60 163
     61 162
     62 1189
     63 1182
     63 1200
     63 166
     65 159
     66 1187
     66 1198
     66 184
     69 1205
     71 168
     73 1197
     75 169
     76 1338
     78 1196
     78 167
     81 1199
     81 1207
     83 1193
     84 1329
     85 1332
     85 183
     87 1208
     91 172
     92 177
     94 1206
     95 175
     96 1315
     99 178
    100 1209
    101 1188
    101 1201
    101 1327
    101 176
    102 1212
    103 1339
    104 181
    106 173
    109 1202
    109 174
    110 1310
    111 182
    112 1318
    113 1336
    113 179
    116 1214
    117 1325
    119 1211
    119 180
    121 1309
    122 1215
    123 1330
    124 1333
    127 1320
    128 1311
    128 1328
    128 1337
    130 1210
    130 1316
    131 1322
    131 1331
    132 1326
    133 1314
    134 1319
    135 1312
    139 1313
    141 1213
    142 1218
    142 1324
    142 1334
    144 1321
    146 1323
    150 1317
    155 1335
    167 1217
    195 1216
    203 1221
    220 1220
    221 1223
    228 1219
    228 1222
    248 106
    254 1224
    269 1225
    272 1229
    282 1235
    285 1227
    286 1232
    297 1228
    304 1242
    321 1237
    332 1236
    334 1238
    339 1233
    343 1230
    345 1240
    351 1226
    358 1231
    389 1239
    396 1234
    399 1247
    403 1243
    410 1308
    422 123
    430 1245
    438 1244
    442 1241
    513 1246
    515 1248
    564 1260
    591 1249
    624 1255
    631 1254
    647 1262
    649 1252
    658 1274
    663 1269
    674 1272
    680 1250
    680 1273
    686 1251
    693 1263
    695 1298
    714 1264
    716 1270
    717 1265
    719 1256
    721 1297
    725 1301
    726 1306
    736 1261
    748 1258
    750 1268
    763 1279
    770 1278
    774 1253
    776 1307
    778 1283
    781 1277
    791 1275
    798 1288
    798 130
    803 1259
    807 1296
    821 1294
    831 1285
    838 1271
    839 1257
    839 1284
    844 1286
    851 1300
    860 1305
    869 1295
    872 1276
    881 1266
    884 1299
    893 1281
    905 1282
    913 1292
    915 1287
    915 1293
    923 1267
    936 1291
    941 1304
    957 1289
    977 1302
    977 1303
    987 1290
   1045 1280
  26926 1078
