      1 1001
      1 1010
      1 1017
      1 1028
      1 107
      1 1075
      1 1076
      1 1332
      1 214
      1 217
      1 219
      1 223
      1 226
      1 228
      1 232
      1 234
      1 236
      1 413
      1 415
      1 448
      1 475
      1 479
      1 480
      1 489
      1 492
      1 495
      1 500
      1 514
      1 523
      1 541
      1 547
      1 559
      1 561
      1 574
      1 577
      1 587
      1 598
      1 599
      1 613
      1 625
      1 645
      1 649
      1 665
      1 679
      1 681
      1 684
      1 696
      1 698
      1 702
      1 710
      1 715
      1 720
      1 723
      1 724
      1 733
      1 745
      1 748
      1 752
      1 754
      1 758
      1 763
      1 776
      1 778
      1 788
      1 819
      1 822
      1 826
      1 832
      1 835
      1 837
      1 840
      1 883
      1 889
      1 90
      1 912
      1 917
      1 918
      1 922
      1 931
      1 946
      1 958
      1 960
      1 964
      1 968
      1 983
      1 frame.len
      2 1019
      2 1052
      2 1055
      2 1061
      2 1064
      2 1074
      2 109
      2 1115
      2 213
      2 235
      2 237
      2 240
      2 243
      2 248
      2 417
      2 474
      2 490
      2 502
      2 510
      2 512
      2 521
      2 526
      2 528
      2 531
      2 544
      2 551
      2 569
      2 581
      2 589
      2 601
      2 612
      2 618
      2 619
      2 629
      2 633
      2 638
      2 661
      2 663
      2 666
      2 669
      2 671
      2 677
      2 699
      2 708
      2 711
      2 713
      2 714
      2 716
      2 728
      2 74
      2 741
      2 747
      2 749
      2 750
      2 756
      2 760
      2 770
      2 777
      2 784
      2 816
      2 821
      2 824
      2 830
      2 836
      2 857
      2 870
      2 872
      2 877
      2 882
      2 887
      2 891
      2 902
      2 903
      2 908
      2 913
      2 927
      2 928
      2 930
      2 935
      2 937
      2 939
      2 950
      2 953
      2 969
      2 971
      2 980
      2 986
      2 987
      2 991
      3 1004
      3 1012
      3 1023
      3 1024
      3 1031
      3 1040
      3 1047
      3 1065
      3 1068
      3 1085
      3 1086
      3 1091
      3 1099
      3 114
      3 117
      3 202
      3 208
      3 209
      3 210
      3 215
      3 216
      3 218
      3 221
      3 222
      3 225
      3 229
      3 244
      3 245
      3 249
      3 263
      3 392
      3 408
      3 478
      3 481
      3 491
      3 496
      3 499
      3 503
      3 506
      3 525
      3 534
      3 539
      3 550
      3 563
      3 564
      3 568
      3 570
      3 571
      3 576
      3 579
      3 584
      3 594
      3 60
      3 602
      3 606
      3 607
      3 616
      3 617
      3 621
      3 630
      3 639
      3 660
      3 662
      3 667
      3 668
      3 672
      3 682
      3 685
      3 686
      3 687
      3 688
      3 694
      3 706
      3 718
      3 721
      3 726
      3 727
      3 738
      3 742
      3 744
      3 762
      3 764
      3 766
      3 774
      3 782
      3 783
      3 786
      3 789
      3 791
      3 796
      3 80
      3 803
      3 805
      3 809
      3 814
      3 817
      3 829
      3 841
      3 849
      3 854
      3 855
      3 856
      3 859
      3 863
      3 871
      3 873
      3 878
      3 885
      3 895
      3 898
      3 901
      3 909
      3 914
      3 92
      3 934
      3 936
      3 963
      3 965
      3 977
      3 978
      4 1005
      4 1015
      4 1016
      4 102
      4 1021
      4 1026
      4 1033
      4 1043
      4 1044
      4 1049
      4 1053
      4 1054
      4 1057
      4 1059
      4 1060
      4 1071
      4 1077
      4 108
      4 1081
      4 1095
      4 1100
      4 1117
      4 1123
      4 118
      4 131
      4 199
      4 204
      4 207
      4 227
      4 231
      4 239
      4 241
      4 254
      4 257
      4 476
      4 527
      4 532
      4 538
      4 546
      4 548
      4 553
      4 567
      4 575
      4 580
      4 582
      4 585
      4 609
      4 611
      4 642
      4 643
      4 646
      4 659
      4 664
      4 676
      4 678
      4 680
      4 689
      4 719
      4 730
      4 737
      4 746
      4 757
      4 759
      4 767
      4 771
      4 772
      4 804
      4 806
      4 808
      4 813
      4 843
      4 845
      4 846
      4 852
      4 858
      4 860
      4 884
      4 897
      4 919
      4 921
      4 926
      4 929
      4 932
      4 933
      4 938
      4 941
      4 948
      4 967
      4 973
      4 982
      4 996
      4 997
      5 1013
      5 1038
      5 1050
      5 1051
      5 1062
      5 1063
      5 1066
      5 1084
      5 1090
      5 1127
      5 120
      5 121
      5 212
      5 250
      5 258
      5 264
      5 268
      5 536
      5 545
      5 578
      5 590
      5 593
      5 628
      5 690
      5 700
      5 704
      5 732
      5 734
      5 735
      5 739
      5 751
      5 798
      5 799
      5 807
      5 827
      5 834
      5 851
      5 865
      5 868
      5 881
      5 900
      5 942
      5 955
      5 957
      5 962
      5 975
      5 988
      6 1003
      6 1020
      6 1022
      6 1030
      6 1032
      6 1042
      6 1088
      6 1096
      6 1098
      6 1114
      6 1122
      6 206
      6 255
      6 256
      6 259
      6 265
      6 351
      6 361
      6 507
      6 588
      6 673
      6 703
      6 722
      6 773
      6 790
      6 810
      6 818
      6 828
      6 838
      6 84
      6 875
      6 899
      6 916
      6 945
      6 954
      6 976
      6 979
      6 994
      7 1008
      7 1011
      7 1029
      7 1046
      7 1097
      7 129
      7 132
      7 196
      7 205
      7 211
      7 220
      7 246
      7 251
      7 253
      7 261
      7 357
      7 363
      7 364
      7 381
      7 391
      7 540
      7 557
      7 562
      7 610
      7 640
      7 691
      7 743
      7 753
      7 797
      7 825
      7 848
      7 853
      7 864
      7 869
      7 896
      7 905
      7 907
      7 943
      7 981
      7 984
      7 999
      8 1035
      8 1069
      8 1079
      8 1083
      8 1089
      8 1104
      8 1121
      8 193
      8 197
      8 200
      8 242
      8 272
      8 274
      8 344
      8 354
      8 358
      8 731
      8 833
      8 850
      8 876
      8 956
      9 1027
      9 1045
      9 1056
      9 1067
      9 1113
      9 1120
      9 119
      9 139
      9 140
      9 141
      9 191
      9 252
      9 260
      9 267
      9 328
      9 333
      9 335
      9 341
      9 347
      9 353
      9 356
      9 359
      9 683
      9 695
      9 717
      9 755
      9 944
      9 974
      9 995
     10 1000
     10 1014
     10 103
     10 1036
     10 1037
     10 1092
     10 1093
     10 1103
     10 1109
     10 1128
     10 133
     10 134
     10 194
     10 203
     10 273
     10 339
     10 349
     10 352
     10 355
     10 362
     10 366
     10 368
     10 641
     10 705
     10 785
     10 787
     10 998
     11 1058
     11 1094
     11 1107
     11 138
     11 195
     11 262
     11 266
     11 271
     11 284
     11 322
     11 340
     11 345
     11 350
     11 365
     11 866
     11 879
     11 904
     11 910
     11 947
     12 1080
     12 1087
     12 1119
     12 128
     12 135
     12 137
     12 192
     12 269
     12 277
     12 318
     12 338
     12 346
     12 348
     12 674
     13 1025
     13 1039
     13 1048
     13 1112
     13 1124
     13 1139
     13 1148
     13 198
     13 270
     13 275
     13 279
     13 325
     13 330
     13 334
     13 342
     13 712
     13 775
     13 847
     14 1034
     14 1082
     14 1131
     14 142
     14 143
     14 188
     14 189
     14 201
     14 336
     14 343
     14 360
     14 844
     15 1108
     15 1110
     15 1126
     15 190
     15 247
     15 283
     15 311
     15 313
     15 324
     15 327
     15 329
     15 367
     16 1106
     16 1118
     16 1138
     16 144
     17 1102
     17 136
     17 278
     17 281
     17 299
     17 323
     17 331
     17 69
     18 1111
     18 1147
     18 1158
     18 183
     18 282
     18 286
     18 293
     18 319
     18 320
     18 332
     19 1142
     19 276
     19 288
     19 305
     20 1174
     20 181
     20 187
     20 280
     20 285
     20 308
     20 314
     21 1105
     21 1137
     21 307
     21 312
     21 78
     22 1136
     22 1144
     22 130
     22 182
     22 289
     22 290
     22 294
     22 304
     22 321
     23 1125
     23 1149
     23 287
     23 306
     23 309
     24 1143
     24 125
     24 295
     24 71
     25 1141
     25 1146
     25 1159
     25 296
     25 300
     25 301
     25 310
     25 326
     26 1134
     26 1140
     26 1151
     26 185
     26 298
     26 316
     26 337
     27 1150
     27 124
     27 291
     27 303
     27 315
     28 180
     28 292
     28 317
     29 297
     30 1153
     30 1157
     30 126
     30 186
     30 302
     31 1101
     32 1145
     32 1177
     32 178
     33 1166
     34 184
     35 145
     36 1135
     36 1156
     37 1129
     37 1130
     37 1167
     37 179
     37 86
     38 1168
     39 1133
     39 146
     39 177
     40 175
     42 1165
     44 1152
     44 1178
     45 1162
     46 1160
     47 1154
     48 127
     48 168
     48 171
     49 1173
     50 1155
     50 1164
     50 1180
     50 1301
     50 172
     51 106
     51 1132
     51 174
     52 1175
     52 147
     52 173
     52 176
     53 1161
     53 1187
     56 1169
     58 1163
     58 1190
     59 1182
     61 233
     62 169
     67 1171
     67 1186
     67 1195
     72 1306
     73 1179
     73 170
     74 1184
     74 1205
     75 1181
     76 1320
     77 1188
     77 1309
     77 163
     78 1198
     79 1170
     79 165
     80 1183
     80 162
     80 166
     81 1191
     82 1322
     83 1303
     83 1316
     84 1305
     84 1310
     84 1324
     85 1318
     86 1328
     87 1196
     88 1313
     89 1192
     89 164
     89 167
     90 1302
     92 1172
     93 1323
     93 76
     94 1206
     94 1312
     96 1176
     96 1199
     97 1319
     97 1327
     97 1329
     97 1330
     98 1325
     99 1317
    101 1197
    102 148
    102 149
    103 1209
    104 1185
    104 1311
    104 1331
    105 1194
    105 1304
    105 1314
    106 1189
    106 1204
    108 1200
    109 161
    111 1217
    112 1193
    112 1321
    113 1326
    114 1307
    119 1207
    119 1208
    119 1315
    123 160
    124 1203
    124 1211
    131 1210
    133 1308
    134 1202
    134 1213
    135 1201
    142 98
    144 123
    145 1215
    148 159
    150 1222
    154 150
    157 1216
    162 157
    165 1218
    165 153
    168 1214
    170 156
    173 151
    178 1212
    183 154
    187 155
    204 152
    208 1219
    209 158
    228 1225
    231 1221
    234 1234
    234 1236
    238 1220
    252 1226
    254 1224
    260 1223
    291 1300
    293 1227
    301 1235
    318 1237
    320 1233
    329 1229
    335 1241
    341 1274
    353 122
    366 1231
    372 1230
    381 1270
    383 1228
    385 1243
    401 1242
    409 1248
    412 1291
    417 1254
    427 1249
    428 1272
    429 1240
    433 1246
    437 1238
    439 1269
    439 1286
    440 1247
    442 1279
    445 1268
    446 1289
    449 1293
    450 1244
    456 1278
    458 1255
    464 1271
    468 1258
    472 1252
    476 1282
    479 1251
    481 1277
    488 1267
    491 1266
    493 1292
    499 1265
    504 1288
    505 1287
    515 1273
    515 1296
    516 1232
    521 1239
    522 1257
    522 1275
    523 1256
    523 1285
    528 1297
    530 1245
    532 1263
    534 1260
    540 1284
    542 1253
    545 1264
    546 1299
    548 1294
    548 1295
    551 1262
    551 1280
    553 1276
    558 1250
    564 1261
    565 1298
    566 1281
    569 1283
    600 1259
    612 1290
   8280 1078
  16198 1070
